-6.257612228393554688e+00 7.389013671875000000e+01 -2.119795989990234375e+01 4.690179443359375000e+01 -9.110717773437500000e+00 4.186189651489257812e+00
-9.983850717544555664e-01 3.673447847366333008e+00 -4.452756792306900024e-02 3.378166675567626953e+00 3.651943683624267578e+00 1.348368072509765625e+01
-5.339993834495544434e-01 1.017545223236083984e+00 8.702153205871582031e+00 -1.420202702283859253e-01 6.595095157623291016e+00 1.206455135345458984e+01
-5.339993834495544434e-01 1.017545223236083984e+00 8.702153205871582031e+00 -1.420202702283859253e-01 6.595095157623291016e+00 1.206455135345458984e+01
-5.623795390129089355e-01 1.168934226036071777e+00 9.270982742309570312e+00 -1.694839447736740112e-01 7.054727554321289062e+00 1.290350818634033203e+01
-5.020685791969299316e-01 1.795031547546386719e+00 8.575531005859375000e+00 -1.548548787832260132e-01 6.660384654998779297e+00 1.316139888763427734e+01
-1.043537378311157227e+00 1.976832580566406250e+01 -8.669222891330718994e-02 5.209518432617187500e+00 8.102784156799316406e+00 2.741404914855957031e+01
-8.536981940269470215e-01 1.269742488861083984e+01 5.905209183692932129e-01 4.705456733703613281e+00 6.576392650604248047e+00 1.962709999084472656e+01
-5.339993834495544434e-01 1.017545223236083984e+00 8.702153205871582031e+00 -1.420202702283859253e-01 6.595095157623291016e+00 1.206455135345458984e+01
-4.392394125461578369e-01 1.956921100616455078e+00 6.759683132171630859e+00 -1.381720155477523804e-01 5.302415847778320312e+00 1.204793548583984375e+01
-6.071557402610778809e-01 1.295778870582580566e+00 1.012628364562988281e+01 -1.988801062107086182e-01 7.742241859436035156e+00 1.392659282684326172e+01
-7.082126736640930176e-01 6.829132080078125000e+00 4.171137332916259766e+00 2.200978755950927734e+00 5.579658031463623047e+00 1.355903148651123047e+01
-5.250682234764099121e-01 1.026789307594299316e+00 8.545882225036621094e+00 -1.406993418931961060e-01 6.470798015594482422e+00 1.195699691772460938e+01
-6.088318228721618652e-01 1.327889800071716309e+00 1.001077651977539062e+01 -1.865649670362472534e-01 7.681740760803222656e+00 1.383623027801513672e+01
-5.236812829971313477e-01 1.016171216964721680e+00 8.509476661682128906e+00 -1.366784125566482544e-01 6.437285900115966797e+00 1.185710716247558594e+01
-6.088967919349670410e-01 2.050546646118164062e+00 8.794720649719238281e+00 -9.116885811090469360e-02 7.202472209930419922e+00 1.387016105651855469e+01
-7.026489973068237305e-01 4.014817237854003906e+00 1.057364273071289062e+01 -1.284216493368148804e-01 8.916325569152832031e+00 1.700594139099121094e+01
-3.259019613265991211e+00 3.827497482299804688e+01 -7.296463012695312500e+00 2.414111709594726562e+01 -1.519905209541320801e+00 2.256588172912597656e+01
-4.772616922855377197e-01 1.319422006607055664e+00 7.895120620727539062e+00 -1.580378115177154541e-01 6.015707492828369141e+00 1.219520854949951172e+01
-7.941809296607971191e-01 6.634966373443603516e+00 9.402671813964843750e+00 6.662428379058837891e-02 8.416474342346191406e+00 1.763996315002441406e+01
-4.940693974494934082e-01 1.071137070655822754e+00 7.352769374847412109e+00 -5.701456218957901001e-02 5.621730327606201172e+00 1.055009937286376953e+01
-6.527895331382751465e-01 7.128114700317382812e+00 6.166210174560546875e-01 3.205999851226806641e+00 3.432285070419311523e+00 1.117533874511718750e+01
-5.339993834495544434e-01 1.017545223236083984e+00 8.702153205871582031e+00 -1.420202702283859253e-01 6.595095157623291016e+00 1.206455135345458984e+01
-5.153971910476684570e-01 2.692029237747192383e+00 6.501485347747802734e+00 -3.506429120898246765e-02 5.658524036407470703e+00 1.307324409484863281e+01
-5.332984328269958496e-01 1.015635371208190918e+00 8.657639503479003906e+00 -1.381955593824386597e-01 6.564083576202392578e+00 1.200590419769287109e+01
-5.515684485435485840e-01 4.080599308013916016e+00 4.961667537689208984e+00 6.347210407257080078e-01 5.042243957519531250e+00 1.253294467926025391e+01
-5.308594703674316406e-01 1.091481208801269531e+00 8.432941436767578125e+00 -1.315362006425857544e-01 6.404063701629638672e+00 1.196180534362792969e+01
-5.631646513938903809e-01 1.095513224601745605e+00 8.961319923400878906e+00 -1.389485448598861694e-01 6.816483974456787109e+00 1.237621212005615234e+01
-6.194064617156982422e-01 1.493956685066223145e+00 9.759793281555175781e+00 -1.600791960954666138e-01 7.638094425201416016e+00 1.401408481597900391e+01
-5.275983810424804688e-01 1.076504349708557129e+00 8.627045631408691406e+00 -1.490951031446456909e-01 6.530967712402343750e+00 1.213692092895507812e+01
-3.210990905761718750e+00 2.185418128967285156e+01 -4.487683773040771484e+00 1.495257377624511719e+01 1.567825317382812500e+00 3.421282958984375000e+01
-4.948534071445465088e-01 1.030407667160034180e+00 7.779944896697998047e+00 -1.040209308266639709e-01 5.886758804321289062e+00 1.112237548828125000e+01
-9.469308853149414062e-01 1.778849792480468750e+01 -1.140507578849792480e+00 7.693000793457031250e+00 2.581940650939941406e+00 1.590526866912841797e+01
-6.961872577667236328e-01 5.230669021606445312e+00 8.875590324401855469e+00 2.193450927734375000e-03 7.588232517242431641e+00 1.527278327941894531e+01
-1.082662940025329590e+00 1.864432907104492188e+01 -8.500539660453796387e-01 7.866471767425537109e+00 3.997888088226318359e+00 1.668777847290039062e+01
-5.465469360351562500e-01 1.111103296279907227e+00 9.074704170227050781e+00 -1.529271155595779419e-01 6.891829013824462891e+00 1.248130416870117188e+01
-6.122516989707946777e-01 1.314623117446899414e+00 1.022817039489746094e+01 -2.024786919355392456e-01 7.823410987854003906e+00 1.404578685760498047e+01
-6.983565688133239746e-01 4.069085597991943359e+00 7.564636230468750000e+00 6.421552896499633789e-01 7.238976001739501953e+00 1.459674644470214844e+01
-5.773009657859802246e-01 1.111701607704162598e+00 9.257619857788085938e+00 -1.499385833740234375e-01 6.985293388366699219e+00 1.246964931488037109e+01
-7.285725474357604980e-01 6.279776573181152344e+00 4.327229499816894531e+00 2.061457872390747070e+00 6.095098972320556641e+00 1.497398948669433594e+01
-5.821717977523803711e-01 1.928421735763549805e+00 7.586973667144775391e+00 -5.848980043083429337e-03 6.252419948577880859e+00 1.206335830688476562e+01
-5.965239405632019043e-01 1.300931096076965332e+00 9.899541854858398438e+00 -1.933848857879638672e-01 7.569773197174072266e+00 1.375115013122558594e+01
-5.320062637329101562e-01 1.011841297149658203e+00 8.646537780761718750e+00 -1.382576078176498413e-01 6.554218769073486328e+00 1.198943328857421875e+01
-7.106913924217224121e-01 3.566610813140869141e+00 9.962158203125000000e+00 -1.019828543066978455e-01 8.403231620788574219e+00 1.632796478271484375e+01
-5.231963396072387695e-01 1.143681645393371582e+00 8.764780998229980469e+00 -1.639027595520019531e-01 6.614580154418945312e+00 1.229313659667968750e+01
-2.070611238479614258e+00 1.710374259948730469e+01 -2.531128644943237305e+00 1.100605583190917969e+01 -1.670954972505569458e-01 1.769830703735351562e+01
-5.354577898979187012e-01 1.023569107055664062e+00 8.728083610534667969e+00 -1.427259892225265503e-01 6.615697383880615234e+00 1.209536743164062500e+01
-6.792423129081726074e-01 7.772953987121582031e+00 1.881000995635986328e+00 2.879054546356201172e+00 3.457618236541748047e+00 1.095089721679687500e+01
-5.626369118690490723e-01 4.927570343017578125e+00 7.163166046142578125e+00 -3.737237676978111267e-02 5.549683570861816406e+00 1.232053852081298828e+01
-6.077806353569030762e-01 1.679909706115722656e+00 9.412179946899414062e+00 -1.576313078403472900e-01 7.506447792053222656e+00 1.447432422637939453e+01
-5.609905123710632324e-01 1.400089859962463379e+00 9.165345191955566406e+00 -1.899171918630599976e-01 7.063660621643066406e+00 1.362916278839111328e+01
-6.180387139320373535e-01 1.535221338272094727e+00 9.319721221923828125e+00 -1.159989833831787109e-01 7.231681823730468750e+00 1.303740406036376953e+01
-5.402534604072570801e-01 1.188555836677551270e+00 8.446845054626464844e+00 -1.129831075668334961e-01 6.525426387786865234e+00 1.215927410125732422e+01
-1.045855760574340820e+00 4.059196949005126953e+00 -1.813302487134933472e-01 3.797994375228881836e+00 3.788750886917114258e+00 1.443095874786376953e+01
-5.432982444763183594e-01 2.088128328323364258e+00 8.339529991149902344e+00 -1.368519812822341919e-01 6.855237007141113281e+00 1.408308601379394531e+01
-6.272527575492858887e-01 9.982590675354003906e+00 6.665764808654785156e+00 4.990081191062927246e-01 7.042305469512939453e+00 1.997075080871582031e+01
-5.638994574546813965e-01 1.338505268096923828e+00 9.659013748168945312e+00 -1.916513442993164062e-01 7.340092182159423828e+00 1.341107845306396484e+01
-5.711159110069274902e-01 1.244913458824157715e+00 9.082845687866210938e+00 -1.275780200958251953e-01 6.967771530151367188e+00 1.258290767669677734e+01
-4.364806115627288818e-01 3.869995117187500000e+00 5.471186637878417969e+00 2.690246105194091797e-01 5.277959823608398438e+00 1.275176239013671875e+01
-6.516430974006652832e-01 8.016471862792968750e+00 1.155658364295959473e-01 3.353839874267578125e+00 2.473767518997192383e+00 9.787268638610839844e+00
-6.768919825553894043e-01 2.824630260467529297e+00 9.472828865051269531e+00 -7.427108287811279297e-02 7.978656768798828125e+00 1.509301471710205078e+01
-5.271281003952026367e-01 1.006890892982482910e+00 8.654934883117675781e+00 -1.433856040239334106e-01 6.535426616668701172e+00 1.195295906066894531e+01
-1.818086981773376465e+00 4.070983505249023438e+01 -6.421265602111816406e+00 2.278002929687500000e+01 -2.034041881561279297e+00 4.329728126525878906e+00
-7.875669598579406738e-01 5.113069057464599609e+00 7.700750827789306641e+00 8.680352568626403809e-01 7.772242546081542969e+00 1.631110191345214844e+01
-5.432074069976806641e-01 1.055719971656799316e+00 8.840512275695800781e+00 -1.439193338155746460e-01 6.708281517028808594e+00 1.222622871398925781e+01
-6.193206310272216797e-01 5.176232814788818359e+00 6.225367546081542969e+00 5.316754579544067383e-01 6.650989532470703125e+00 1.617623138427734375e+01
-4.508215487003326416e-01 1.070059895515441895e+00 7.495076179504394531e+00 -1.491063088178634644e-01 5.603120326995849609e+00 1.129971122741699219e+01
-4.551193714141845703e-01 2.329495191574096680e+00 7.713071823120117188e+00 -1.877150982618331909e-01 6.260659694671630859e+00 1.424242115020751953e+01
-5.339993834495544434e-01 1.017545223236083984e+00 8.702153205871582031e+00 -1.420202702283859253e-01 6.595095157623291016e+00 1.206455135345458984e+01
-6.971341967582702637e-01 9.678747177124023438e+00 4.475688457489013672e+00 1.981707811355590820e+00 6.581296920776367188e+00 1.763346099853515625e+01
-5.769480466842651367e-01 1.166352987289428711e+00 9.439963340759277344e+00 -1.618666648864746094e-01 7.182847023010253906e+00 1.289582633972167969e+01
-6.304321289062500000e-01 1.846536874771118164e+00 9.821583747863769531e+00 -1.524386405944824219e-01 7.836399078369140625e+00 1.452678775787353516e+01
-4.320377409458160400e-01 2.303977489471435547e+00 6.510484695434570312e+00 -9.904332458972930908e-02 5.250094890594482422e+00 1.200626945495605469e+01
-6.790614724159240723e-01 7.973052978515625000e+00 2.837250232696533203e+00 2.472393989562988281e+00 5.802255630493164062e+00 1.637733268737792969e+01
-5.852916836738586426e-01 6.871053218841552734e+00 2.583353757858276367e+00 2.564722299575805664e+00 4.875507831573486328e+00 1.235773754119873047e+01
-6.202958822250366211e-01 2.383236408233642578e+00 9.888351440429687500e+00 -1.416329890489578247e-01 7.876883983612060547e+00 1.439520645141601562e+01
-5.505854487419128418e-01 1.655726432800292969e+00 8.387473106384277344e+00 -1.083606034517288208e-01 6.613279342651367188e+00 1.263610839843750000e+01
-3.224607944488525391e+00 6.206039428710937500e+01 -1.174784564971923828e+01 3.642699813842773438e+01 -4.043918132781982422e+00 7.727296352386474609e+00
-5.339993834495544434e-01 1.017545342445373535e+00 8.702153205871582031e+00 -1.420202702283859253e-01 6.595095634460449219e+00 1.206455039978027344e+01
-5.339993834495544434e-01 1.017545223236083984e+00 8.702153205871582031e+00 -1.420202702283859253e-01 6.595095157623291016e+00 1.206455135345458984e+01
-6.234725117683410645e-01 1.440806865692138672e+00 1.019462871551513672e+01 -1.900637149810791016e-01 7.952723026275634766e+00 1.448433685302734375e+01
-5.161778330802917480e-01 6.740818977355957031e+00 4.323294639587402344e+00 1.033216476440429688e+00 5.556183338165283203e+00 1.505693912506103516e+01
-5.784258246421813965e-01 1.166459202766418457e+00 9.425452232360839844e+00 -1.611140221357345581e-01 7.182190895080566406e+00 1.293222522735595703e+01
-7.429731488227844238e-01 3.360229730606079102e+00 9.929315567016601562e+00 -4.582040384411811829e-02 8.651136398315429688e+00 1.638379478454589844e+01
-5.337476134300231934e-01 1.017635941505432129e+00 8.640275955200195312e+00 -1.358565837144851685e-01 6.553543090820312500e+00 1.198251724243164062e+01
-4.747245907783508301e-01 1.500228404998779297e+00 6.145788192749023438e+00 1.458197832107543945e-01 4.955753326416015625e+00 9.934354782104492188e+00
-5.339993834495544434e-01 1.017545223236083984e+00 8.702153205871582031e+00 -1.420202702283859253e-01 6.595095157623291016e+00 1.206455135345458984e+01
-6.860322356224060059e-01 4.037702083587646484e+00 8.589346885681152344e+00 -8.820843882858753204e-03 7.014862060546875000e+00 1.413940048217773438e+01
-4.368439614772796631e-01 7.597911357879638672e-01 6.962137222290039062e+00 -8.477845042943954468e-02 5.127888202667236328e+00 9.830613136291503906e+00
-5.344446301460266113e-01 1.019529938697814941e+00 8.684719085693359375e+00 -1.396794319152832031e-01 6.584499359130859375e+00 1.204108238220214844e+01
-8.638817071914672852e-01 7.306799411773681641e+00 8.050646781921386719e+00 1.081255555152893066e+00 8.674445152282714844e+00 1.874067687988281250e+01
-2.151384115219116211e+00 4.100030136108398438e+01 -8.215498924255371094e+00 2.515973663330078125e+01 -2.891925096511840820e+00 4.469061374664306641e+00
-4.926649034023284912e-01 9.224687814712524414e-01 8.124363899230957031e+00 -1.300075054168701172e-01 6.068719387054443359e+00 1.124696445465087891e+01
-4.863936901092529297e-01 1.161251068115234375e+00 6.344897747039794922e+00 -5.302786827087402344e-03 4.995361328125000000e+00 1.015279579162597656e+01
-5.199528932571411133e-01 9.123535156250000000e-01 8.383893966674804688e+00 -1.164183616638183594e-01 6.311086654663085938e+00 1.132793617248535156e+01
-4.239130496978759766e+00 7.897903442382812500e+01 -2.726677656173706055e+00 1.551878070831298828e+01 -5.988513946533203125e+00 -3.844245910644531250e+00
-5.157018661499023438e+00 9.700217437744140625e+01 -2.711835098266601562e+01 5.923069000244140625e+01 -1.460194587707519531e+01 -8.249253273010253906e+00
-5.999183058738708496e-01 1.515960097312927246e+00 9.344460487365722656e+00 -1.386486142873764038e-01 7.304574966430664062e+00 1.343646717071533203e+01
-4.994573593139648438e-01 1.289220213890075684e+00 7.602531909942626953e+00 -6.644141674041748047e-02 5.810962677001953125e+00 1.088558769226074219e+01
-5.727692246437072754e-01 1.165713667869567871e+00 9.453184127807617188e+00 -1.715106517076492310e-01 7.199627876281738281e+00 1.304187870025634766e+01
-5.288905501365661621e-01 9.792515039443969727e-01 8.596178054809570312e+00 -1.322840750217437744e-01 6.493831157684326172e+00 1.177766895294189453e+01
-6.156498789787292480e-01 3.633553504943847656e+00 6.798868656158447266e+00 5.053523182868957520e-01 6.320971012115478516e+00 1.296280479431152344e+01
-1.289249777793884277e+00 2.099469757080078125e+01 -1.041209340095520020e+00 9.802283287048339844e+00 6.672807216644287109e+00 2.218790435791015625e+01
-5.285537838935852051e-01 2.046200752258300781e+00 6.227721214294433594e+00 4.483602046966552734e-01 5.354633331298828125e+00 1.054201698303222656e+01
-5.318398475646972656e-01 1.009611725807189941e+00 8.631709098815917969e+00 -1.374898403882980347e-01 6.543480873107910156e+00 1.197508716583251953e+01
-6.117493510246276855e-01 7.026435852050781250e+00 8.906995654106140137e-01 3.312544822692871094e+00 3.928102493286132812e+00 1.138289737701416016e+01
-6.301700472831726074e-01 7.550303459167480469e+00 -5.306148529052734375e-01 5.070492744445800781e+00 1.918526053428649902e+00 7.907374382019042969e+00
-5.337362885475158691e-01 1.726104974746704102e+00 7.974302291870117188e+00 -5.738976225256919861e-02 6.294261455535888672e+00 1.158569145202636719e+01
-1.023815751075744629e+00 1.641305732727050781e+01 -7.549330592155456543e-01 7.344675540924072266e+00 4.506403446197509766e+00 1.733791923522949219e+01
-5.407368540763854980e-01 1.046165823936462402e+00 8.748669624328613281e+00 -1.421938985586166382e-01 6.643939018249511719e+00 1.218990135192871094e+01
-5.339993834495544434e-01 1.017545223236083984e+00 8.702153205871582031e+00 -1.420202702283859253e-01 6.595095157623291016e+00 1.206455135345458984e+01
-8.314173817634582520e-01 5.884693145751953125e+00 7.790620326995849609e+00 1.224064111709594727e+00 8.532230377197265625e+00 1.775293731689453125e+01
-9.470630884170532227e-01 1.845540237426757812e+01 -2.715441703796386719e+00 1.082552719116210938e+01 -8.366842269897460938e-01 3.780033111572265625e+00
-6.995911002159118652e-01 7.141561985015869141e+00 3.442765235900878906e+00 2.384073019027709961e+00 5.626708507537841797e+00 1.447224140167236328e+01
-3.196278953552246094e+01 5.851231689453125000e+02 -1.874093017578125000e+02 3.613251647949218750e+02 -1.035512924194335938e+02 -6.639469909667968750e+01
-4.977972507476806641e+00 1.140049972534179688e+02 -3.717522048950195312e+01 7.094007110595703125e+01 -2.265825080871582031e+01 -1.911417961120605469e+01
-2.481333494186401367e+00 2.649417304992675781e+01 -4.672218322753906250e+00 1.682023811340332031e+01 -8.616927266120910645e-01 1.797590637207031250e+01
-6.283582448959350586e-01 5.534015178680419922e+00 4.376146793365478516e+00 1.755215644836425781e+00 5.623626232147216797e+00 1.310226345062255859e+01
-1.616850137710571289e+00 4.925614547729492188e+01 -1.052858448028564453e+01 2.724822235107421875e+01 -6.757952213287353516e+00 -5.784429073333740234e+00
-1.091234087944030762e+00 7.356991291046142578e+00 -9.178185462951660156e-01 5.783517837524414062e+00 2.221009731292724609e+00 1.292451572418212891e+01
-3.587335646152496338e-01 6.765122413635253906e+00 -7.630611956119537354e-02 3.043809890747070312e+00 9.721310138702392578e-01 5.395510673522949219e+00
-3.473915100097656250e+00 2.781796646118164062e+01 -1.210517883300781250e+01 2.124528884887695312e+01 -4.506204605102539062e+00 7.947345733642578125e+00
-1.072807693481445312e+01 1.147307052612304688e+02 -5.426693344116210938e+01 8.249929809570312500e+01 -2.541797447204589844e+01 -8.380476951599121094e+00
-1.103572750091552734e+01 1.091864624023437500e+02 -4.448881149291992188e+01 7.509407043457031250e+01 -1.940434074401855469e+01 -9.149168133735656738e-01
-5.915503025054931641e+00 1.404174041748046875e+02 -4.150448608398437500e+01 8.653626251220703125e+01 -2.426349258422851562e+01 -1.938205909729003906e+01
-4.177527904510498047e+00 4.946344757080078125e+01 -1.216280174255371094e+01 3.182168579101562500e+01 -4.068359851837158203e+00 1.593027591705322266e+01
-6.295287013053894043e-01 4.887579917907714844e+00 4.232553005218505859e+00 1.616982817649841309e+00 5.359311580657958984e+00 1.309001636505126953e+01
-5.041171312332153320e-01 5.495286464691162109e+00 4.592007160186767578e+00 1.089441180229187012e+00 4.983127117156982422e+00 1.230887794494628906e+01
-9.863699078559875488e-01 1.481883430480957031e+01 -1.105294704437255859e+00 7.747091293334960938e+00 1.979095101356506348e+00 1.188879871368408203e+01
-2.663111448287963867e+00 3.135767745971679688e+01 -5.358354568481445312e+00 1.987784194946289062e+01 -5.823897123336791992e-01 2.228413391113281250e+01
-2.731543779373168945e+00 3.139175033569335938e+01 -8.809616088867187500e+00 2.061225891113281250e+01 -3.825197935104370117e+00 2.428022861480712891e+00
-4.859057366847991943e-01 2.101210594177246094e+00 5.505637168884277344e+00 1.916536092758178711e-01 4.864569187164306641e+00 1.138172149658203125e+01
-5.683264136314392090e-01 1.219433069229125977e+00 9.445814132690429688e+00 -1.815953701734542847e-01 7.240668773651123047e+00 1.333144092559814453e+01
-1.600834655761718750e+01 1.767373352050781250e+02 -6.416414642333984375e+01 1.171971817016601562e+02 -2.820038795471191406e+01 -2.215940952301025391e+00
-5.632067322731018066e-01 5.279975414276123047e+00 5.585767269134521484e+00 1.037862300872802734e-01 4.478972434997558594e+00 1.209265136718750000e+01
-4.770667552947998047e+00 6.456549072265625000e+01 -1.911230850219726562e+01 4.189766311645507812e+01 -8.394749641418457031e+00 -9.209680557250976562e-01
-7.426782250404357910e-01 1.578359985351562500e+01 -1.262930393218994141e+00 7.563776493072509766e+00 2.391070604324340820e+00 1.348482227325439453e+01
-1.411162614822387695e+00 2.828539466857910156e+01 -2.776408195495605469e+00 1.397468852996826172e+01 -1.620142534375190735e-02 1.383860588073730469e+01
-3.307671785354614258e+00 5.796461105346679688e+01 -8.346042633056640625e+00 2.581859588623046875e+01 -5.862965106964111328e+00 -1.554717898368835449e+00
-7.987494945526123047e+00 1.782398376464843750e+02 -3.897661590576171875e+01 9.828300476074218750e+01 -2.512297630310058594e+01 -1.847820663452148438e+01
-3.765613555908203125e+00 1.016261825561523438e+02 -2.329291534423828125e+01 5.914823532104492188e+01 -1.369270324707031250e+01 -1.083071613311767578e+01
-6.116573214530944824e-01 6.668562889099121094e+00 1.742169141769409180e+00 3.133410930633544922e+00 4.315024375915527344e+00 1.135320854187011719e+01
-7.408421516418457031e+00 1.425347747802734375e+02 -3.495164108276367188e+01 8.505998229980468750e+01 -1.507923603057861328e+01 -2.616402387619018555e+00
-5.339993834495544434e-01 1.017545223236083984e+00 8.702153205871582031e+00 -1.420202702283859253e-01 6.595095157623291016e+00 1.206455135345458984e+01
-7.077466845512390137e-01 3.011460065841674805e+00 8.880150794982910156e+00 6.844091415405273438e-02 7.790320873260498047e+00 1.488889408111572266e+01
-5.339993834495544434e-01 1.017545223236083984e+00 8.702153205871582031e+00 -1.420202702283859253e-01 6.595095157623291016e+00 1.206455135345458984e+01
-8.046268820762634277e-01 1.203127384185791016e+01 -8.132298588752746582e-01 6.236078262329101562e+00 1.489138841629028320e+00 1.021645450592041016e+01
-1.485092520713806152e+00 1.637133216857910156e+01 -2.777393102645874023e+00 1.109714794158935547e+01 -5.229803919792175293e-02 1.468953037261962891e+01
-8.388509750366210938e-01 1.416323089599609375e+01 -1.623826473951339722e-01 5.172587394714355469e+00 4.181879043579101562e+00 1.507587337493896484e+01
-1.801210999488830566e+00 2.815471076965332031e+01 -5.044911861419677734e+00 1.705755996704101562e+01 -1.314416646957397461e+00 1.012130451202392578e+01
-9.170221686363220215e-01 1.514644050598144531e+01 -1.013724803924560547e+00 7.264244556427001953e+00 3.308110475540161133e+00 1.524128055572509766e+01
-5.354577898979187012e-01 1.023569107055664062e+00 8.728083610534667969e+00 -1.427259892225265503e-01 6.615697383880615234e+00 1.209536743164062500e+01
-1.312377929687500000e+00 1.639924049377441406e+01 -3.231303930282592773e+00 1.129681777954101562e+01 -5.889852046966552734e-01 9.564647674560546875e+00
-5.343052148818969727e-01 1.019652366638183594e+00 8.700849533081054688e+00 -1.412336826324462891e-01 6.595166206359863281e+00 1.205998897552490234e+01
-1.304883956909179688e+00 1.085861968994140625e+01 -1.159335136413574219e+00 6.873064994812011719e+00 -1.579311937093734741e-01 9.584060668945312500e+00
-5.684245228767395020e-01 4.724898338317871094e+00 4.754410266876220703e+00 1.148406863212585449e+00 5.307813167572021484e+00 1.301389694213867188e+01
-5.742787122726440430e-01 1.631043195724487305e+00 8.912825584411621094e+00 -1.374478787183761597e-01 6.881992340087890625e+00 1.288006496429443359e+01
