8.410645294189453125e+01 -1.847880554199218750e+01 -1.234633541107177734e+01 -2.376036643981933594e+01 -2.062142181396484375e+01 -2.178677368164062500e+01
-9.869153797626495361e-02 -7.347222417593002319e-02 -1.825039833784103394e-01 8.253239393234252930e-01 1.769374966621398926e+00 1.147649407386779785e+00
3.493091344833374023e+00 -6.687531471252441406e-01 -4.339274466037750244e-01 -6.380216479301452637e-01 -5.758699178695678711e-01 -5.563300848007202148e-01
3.493091344833374023e+00 -6.687531471252441406e-01 -4.339274466037750244e-01 -6.380216479301452637e-01 -5.758699178695678711e-01 -5.563300848007202148e-01
4.574388504028320312e+00 -8.596243858337402344e-01 -5.433300137519836426e-01 -8.840009570121765137e-01 -8.033248782157897949e-01 -7.914452552795410156e-01
1.525890159606933594e+01 -2.700864315032958984e+00 -1.608215570449829102e+00 -3.253564834594726562e+00 -2.965886831283569336e+00 -2.975306272506713867e+00
4.289898681640625000e+01 -7.516213893890380859e+00 -4.537797927856445312e+00 -1.003506278991699219e+01 -8.702056884765625000e+00 -8.698312759399414062e+00
2.410830307006835938e+01 -4.366574764251708984e+00 -2.611409187316894531e+00 -5.523177146911621094e+00 -5.139947891235351562e+00 -5.108258724212646484e+00
3.493091344833374023e+00 -6.687531471252441406e-01 -4.339274466037750244e-01 -6.380216479301452637e-01 -5.758699178695678711e-01 -5.563300848007202148e-01
6.029755115509033203e+00 -1.109829783439636230e+00 -6.425119042396545410e-01 -1.226057171821594238e+00 -1.003273844718933105e+00 -9.913727045059204102e-01
4.308887481689453125e+00 -8.143326640129089355e-01 -5.114978551864624023e-01 -8.249516487121582031e-01 -7.479794621467590332e-01 -7.357303500175476074e-01
2.218778991699218750e+01 -3.891301870346069336e+00 -2.318678379058837891e+00 -4.929948806762695312e+00 -4.357370376586914062e+00 -4.354270458221435547e+00
4.151666641235351562e+00 -7.836936116218566895e-01 -5.038121342658996582e-01 -7.871798872947692871e-01 -7.144178748130798340e-01 -6.985458135604858398e-01
5.059879779815673828e+00 -9.465150237083435059e-01 -5.901262760162353516e-01 -9.910053610801696777e-01 -9.023634791374206543e-01 -8.927832841873168945e-01
4.765245914459228516e+00 -8.893184065818786621e-01 -5.685974955558776855e-01 -9.199660420417785645e-01 -8.403154611587524414e-01 -8.259975314140319824e-01
8.136697769165039062e+00 -1.494158744812011719e+00 -9.245686531066894531e-01 -1.677856087684631348e+00 -1.552673220634460449e+00 -1.555550456047058105e+00
1.145856857299804688e+01 -2.039175033569335938e+00 -1.179127573966979980e+00 -2.524233818054199219e+00 -2.155925273895263672e+00 -2.163649320602416992e+00
5.463328933715820312e+01 -1.079404640197753906e+01 -6.652775764465332031e+00 -1.305109691619873047e+01 -1.214900112152099609e+01 -1.244911479949951172e+01
1.015648555755615234e+01 -1.838246941566467285e+00 -1.139820337295532227e+00 -2.144815206527709961e+00 -1.962844491004943848e+00 -1.966234803199768066e+00
1.860993576049804688e+01 -3.248989820480346680e+00 -1.907662630081176758e+00 -4.239470481872558594e+00 -3.587593793869018555e+00 -3.578348875045776367e+00
1.018801593780517578e+01 -1.836134910583496094e+00 -1.137658357620239258e+00 -2.126619577407836914e+00 -1.964836955070495605e+00 -1.968938827514648438e+00
2.673162460327148438e+01 -4.691324234008789062e+00 -3.072625875473022461e+00 -5.979995727539062500e+00 -5.501653194427490234e+00 -5.477568626403808594e+00
3.493091344833374023e+00 -6.687531471252441406e-01 -4.339274466037750244e-01 -6.380216479301452637e-01 -5.758699178695678711e-01 -5.563300848007202148e-01
1.116606903076171875e+01 -2.025627851486206055e+00 -1.231480002403259277e+00 -2.405844688415527344e+00 -2.165391921997070312e+00 -2.166087865829467773e+00
3.873571634292602539e+00 -7.362512946128845215e-01 -4.739454388618469238e-01 -7.224146127700805664e-01 -6.540290713310241699e-01 -6.358427405357360840e-01
1.304559326171875000e+01 -2.309000730514526367e+00 -1.447476267814636230e+00 -2.891336917877197266e+00 -2.543097972869873047e+00 -2.534169197082519531e+00
8.561066627502441406e+00 -1.559202075004577637e+00 -9.716846346855163574e-01 -1.757459878921508789e+00 -1.626276016235351562e+00 -1.626934409141540527e+00
7.621508121490478516e+00 -1.394238829612731934e+00 -8.802836537361145020e-01 -1.540414333343505859e+00 -1.434743285179138184e+00 -1.427203774452209473e+00
8.191289901733398438e+00 -1.497537732124328613e+00 -9.353343844413757324e-01 -1.667880296707153320e+00 -1.562601447105407715e+00 -1.562676191329956055e+00
5.762117385864257812e+00 -1.065885663032531738e+00 -6.734652519226074219e-01 -1.144602298736572266e+00 -1.047437071800231934e+00 -1.038295149803161621e+00
2.765571212768554688e+01 -6.706489086151123047e+00 -5.218007564544677734e+00 -8.282538414001464844e+00 -7.385384559631347656e+00 -7.850657939910888672e+00
7.202118396759033203e+00 -1.327206850051879883e+00 -8.021060228347778320e-01 -1.476789712905883789e+00 -1.332379698753356934e+00 -1.333923220634460449e+00
6.093730545043945312e+01 -1.066714286804199219e+01 -6.785251617431640625e+00 -1.378958892822265625e+01 -1.313090419769287109e+01 -1.305177497863769531e+01
1.697542572021484375e+01 -2.926751852035522461e+00 -1.826435923576354980e+00 -3.810712814331054688e+00 -3.318593740463256836e+00 -3.292391538619995117e+00
3.719820404052734375e+01 -6.447461128234863281e+00 -4.034919261932373047e+00 -8.543866157531738281e+00 -7.737542152404785156e+00 -7.664727687835693359e+00
5.135054111480712891e+00 -9.545983672142028809e-01 -5.771940946578979492e-01 -1.021403670310974121e+00 -9.067875146865844727e-01 -8.969915509223937988e-01
4.545665740966796875e+00 -8.563743829727172852e-01 -5.361455082893371582e-01 -8.781198859214782715e-01 -7.965435981750488281e-01 -7.851424217224121094e-01
1.779436111450195312e+01 -3.150307178497314453e+00 -1.997634172439575195e+00 -3.777081251144409180e+00 -3.572764158248901367e+00 -3.568378448486328125e+00
3.463860511779785156e+00 -6.442523002624511719e-01 -3.868539631366729736e-01 -6.040083765983581543e-01 -4.758823812007904053e-01 -4.525268673896789551e-01
1.439510536193847656e+01 -2.592904806137084961e+00 -1.573401451110839844e+00 -3.080592393875122070e+00 -2.839591741561889648e+00 -2.843187570571899414e+00
1.233769512176513672e+01 -2.222146749496459961e+00 -1.380094170570373535e+00 -2.585054874420166016e+00 -2.414107084274291992e+00 -2.419216156005859375e+00
4.753443717956542969e+00 -8.919095993041992188e-01 -5.595318675041198730e-01 -9.276725649833679199e-01 -8.434888720512390137e-01 -8.340997695922851562e-01
3.729509115219116211e+00 -7.111053466796875000e-01 -4.582657814025878906e-01 -6.909205317497253418e-01 -6.242195963859558105e-01 -6.057412624359130859e-01
1.094832706451416016e+01 -1.940481066703796387e+00 -1.192855715751647949e+00 -2.376754760742187500e+00 -2.045321464538574219e+00 -2.021477699279785156e+00
4.409655570983886719e+00 -8.365182280540466309e-01 -4.901670515537261963e-01 -8.771675229072570801e-01 -7.422862052917480469e-01 -7.340342402458190918e-01
2.649798202514648438e+01 -5.310677051544189453e+00 -3.213244199752807617e+00 -6.547912120819091797e+00 -5.609941005706787109e+00 -5.846753597259521484e+00
3.785970449447631836e+00 -7.202925682067871094e-01 -4.644346237182617188e-01 -7.020058631896972656e-01 -6.356450319290161133e-01 -6.171471476554870605e-01
2.302319717407226562e+01 -4.003150939941406250e+00 -2.484489202499389648e+00 -5.264346599578857422e+00 -4.575437545776367188e+00 -4.536695957183837891e+00
1.033512783050537109e+01 -1.795606255531311035e+00 -8.382212519645690918e-01 -2.194403171539306641e+00 -1.550509095191955566e+00 -1.518994808197021484e+00
1.030559158325195312e+01 -1.861110329627990723e+00 -1.178403139114379883e+00 -2.128483057022094727e+00 -2.015606641769409180e+00 -2.018057584762573242e+00
6.183936595916748047e+00 -1.153263092041015625e+00 -7.286227941513061523e-01 -1.253925442695617676e+00 -1.154706001281738281e+00 -1.150118231773376465e+00
5.982237339019775391e+00 -1.096080899238586426e+00 -6.462711095809936523e-01 -1.194303631782531738e+00 -9.976026415824890137e-01 -9.805465936660766602e-01
8.627492904663085938e+00 -1.556223630905151367e+00 -9.885849356651306152e-01 -1.771109819412231445e+00 -1.659377098083496094e+00 -1.657710433006286621e+00
1.747200775146484375e+01 -3.550427198410034180e+00 -2.364598751068115234e+00 -3.996164321899414062e+00 -3.824567794799804688e+00 -3.922866106033325195e+00
1.035951900482177734e+01 -1.819258928298950195e+00 -1.247973680496215820e+00 -2.142026662826538086e+00 -1.986750960350036621e+00 -1.946880221366882324e+00
4.135267257690429688e+01 -7.134452342987060547e+00 -4.479230880737304688e+00 -9.547341346740722656e+00 -8.514176368713378906e+00 -8.463917732238769531e+00
8.789286613464355469e+00 -1.597036838531494141e+00 -9.689077734947204590e-01 -1.843044638633728027e+00 -1.670259118080139160e+00 -1.669367432594299316e+00
8.521800994873046875e+00 -1.553439974784851074e+00 -9.346765875816345215e-01 -1.770168662071228027e+00 -1.608144402503967285e+00 -1.608546137809753418e+00
2.827414703369140625e+01 -4.860753536224365234e+00 -3.145362138748168945e+00 -6.145442008972167969e+00 -5.764190196990966797e+00 -5.735725879669189453e+00
4.121817779541015625e+01 -7.114539623260498047e+00 -4.492609977722167969e+00 -9.207730293273925781e+00 -8.332678794860839844e+00 -8.329344749450683594e+00
8.252330780029296875e+00 -1.508449792861938477e+00 -9.054459929466247559e-01 -1.712645530700683594e+00 -1.555546760559082031e+00 -1.559567332267761230e+00
3.389810800552368164e+00 -6.543745994567871094e-01 -4.119364321231842041e-01 -6.224068999290466309e-01 -5.478720068931579590e-01 -5.302590131759643555e-01
9.418896484375000000e+01 -1.643836784362792969e+01 -1.012977886199951172e+01 -2.178427696228027344e+01 -2.020512199401855469e+01 -2.004601860046386719e+01
1.721155166625976562e+01 -3.051475763320922852e+00 -1.898512482643127441e+00 -3.779589891433715820e+00 -3.404137134552001953e+00 -3.400275468826293945e+00
5.651951789855957031e+00 -1.048953413963317871e+00 -6.592828631401062012e-01 -1.110515713691711426e+00 -1.016954898834228516e+00 -1.005022048950195312e+00
1.357159900665283203e+01 -2.373339414596557617e+00 -1.614801764488220215e+00 -2.982754945755004883e+00 -2.762039899826049805e+00 -2.734319686889648438e+00
3.849694252014160156e+00 -7.456017732620239258e-01 -4.588752686977386475e-01 -7.576895356178283691e-01 -6.443077921867370605e-01 -6.311290860176086426e-01
2.288343048095703125e+01 -3.953370809555053711e+00 -2.693153619766235352e+00 -4.981780529022216797e+00 -4.719745159149169922e+00 -4.697813510894775391e+00
3.493091344833374023e+00 -6.687531471252441406e-01 -4.339274466037750244e-01 -6.380216479301452637e-01 -5.758699178695678711e-01 -5.563300848007202148e-01
1.059803962707519531e+01 -1.977930665016174316e+00 -1.196461319923400879e+00 -2.526774644851684570e+00 -2.253628730773925781e+00 -2.211631059646606445e+00
7.354948520660400391e+00 -1.344745397567749023e+00 -8.360193371772766113e-01 -1.486732244491577148e+00 -1.370986223220825195e+00 -1.366131901741027832e+00
6.580072402954101562e+00 -1.217095375061035156e+00 -7.497709393501281738e-01 -1.336410045623779297e+00 -1.226205706596374512e+00 -1.225178599357604980e+00
1.750219726562500000e+01 -3.053336381912231445e+00 -1.963409066200256348e+00 -3.774256944656372070e+00 -3.508443832397460938e+00 -3.507217407226562500e+00
3.644939422607421875e+01 -6.333131790161132812e+00 -4.138505458831787109e+00 -8.140805244445800781e+00 -7.584907054901123047e+00 -7.569375514984130859e+00
1.802143859863281250e+01 -3.132906436920166016e+00 -2.015130996704101562e+00 -3.900333166122436523e+00 -3.632591962814331055e+00 -3.594502210617065430e+00
1.077663421630859375e+01 -1.922114610671997070e+00 -1.145125627517700195e+00 -2.260628938674926758e+00 -2.054015159606933594e+00 -2.055122852325439453e+00
6.901343822479248047e+00 -1.280498147010803223e+00 -7.822839617729187012e-01 -1.437269449234008789e+00 -1.287339925765991211e+00 -1.287180781364440918e+00
5.789437103271484375e+01 -1.142707443237304688e+01 -7.192150115966796875e+00 -1.431907081604003906e+01 -1.548104763031005859e+01 -1.538752937316894531e+01
3.493091583251953125e+00 -6.687531471252441406e-01 -4.339274466037750244e-01 -6.380216479301452637e-01 -5.758699178695678711e-01 -5.563300848007202148e-01
3.493091344833374023e+00 -6.687531471252441406e-01 -4.339274466037750244e-01 -6.380216479301452637e-01 -5.758699178695678711e-01 -5.563300848007202148e-01
6.795565605163574219e+00 -1.249012351036071777e+00 -7.965823411941528320e-01 -1.357916474342346191e+00 -1.280719280242919922e+00 -1.272635579109191895e+00
2.428114318847656250e+01 -4.212020874023437500e+00 -2.673524618148803711e+00 -5.494740486145019531e+00 -5.011150836944580078e+00 -4.950222015380859375e+00
5.758185863494873047e+00 -1.066214919090270996e+00 -6.726903915405273438e-01 -1.137520670890808105e+00 -1.047860026359558105e+00 -1.036995887756347656e+00
8.534679412841796875e+00 -1.557718753814697266e+00 -9.431977272033691406e-01 -1.758135437965393066e+00 -1.620635032653808594e+00 -1.623236656188964844e+00
4.273586273193359375e+00 -8.069383502006530762e-01 -5.160937309265136719e-01 -8.106603622436523438e-01 -7.361426949501037598e-01 -7.193062305450439453e-01
1.528089809417724609e+01 -2.708872795104980469e+00 -1.683706283569335938e+00 -3.226239919662475586e+00 -3.013043165206909180e+00 -3.027368545532226562e+00
3.493091344833374023e+00 -6.687531471252441406e-01 -4.339274466037750244e-01 -6.380216479301452637e-01 -5.758699178695678711e-01 -5.563300848007202148e-01
1.639018249511718750e+01 -2.852290391921997070e+00 -1.739644050598144531e+00 -3.656538724899291992e+00 -3.165896654129028320e+00 -3.148730754852294922e+00
9.675777435302734375e+00 -1.717254281044006348e+00 -1.116350173950195312e+00 -1.985049247741699219e+00 -1.875124216079711914e+00 -1.870113372802734375e+00
3.892321109771728516e+00 -7.393020987510681152e-01 -4.759939312934875488e-01 -7.260957956314086914e-01 -6.578232049942016602e-01 -6.396303772926330566e-01
1.703930664062500000e+01 -2.983250379562377930e+00 -1.818593025207519531e+00 -3.842051744461059570e+00 -3.321511983871459961e+00 -3.312030553817749023e+00
5.872047424316406250e+01 -1.133140182495117188e+01 -6.274307727813720703e+00 -1.414653778076171875e+01 -1.360673522949218750e+01 -1.366907787322998047e+01
5.605380058288574219e+00 -1.028108477592468262e+00 -6.627472043037414551e-01 -1.109881520271301270e+00 -1.018560051918029785e+00 -1.004682660102844238e+00
1.255891895294189453e+01 -2.266674757003784180e+00 -1.417377710342407227e+00 -2.657831668853759766e+00 -2.465385675430297852e+00 -2.473739385604858398e+00
4.460276603698730469e+00 -8.260180354118347168e-01 -5.450395345687866211e-01 -8.441111445426940918e-01 -7.799047231674194336e-01 -7.583755850791931152e-01
7.269615936279296875e+01 -9.924304008483886719e+00 -3.842863798141479492e+00 -1.241084194183349609e+01 -5.735306739807128906e+00 -3.992445707321166992e+00
1.977978515625000000e+01 -6.278668880462646484e+00 -2.336942434310913086e+00 -7.037313938140869141e+00 -8.504967689514160156e+00 -8.731905937194824219e+00
7.928881645202636719e+00 -1.452789545059204102e+00 -8.901130557060241699e-01 -1.627389907836914062e+00 -1.493929505348205566e+00 -1.496399641036987305e+00
7.089247226715087891e+00 -1.280630230903625488e+00 -7.501126527786254883e-01 -1.462532043457031250e+00 -1.238510012626647949e+00 -1.227311015129089355e+00
4.197290420532226562e+00 -7.938455939292907715e-01 -5.027188062667846680e-01 -7.962409257888793945e-01 -7.221277356147766113e-01 -7.075592875480651855e-01
4.542722225189208984e+00 -8.462864160537719727e-01 -5.462593436241149902e-01 -8.625408411026000977e-01 -7.920897603034973145e-01 -7.741959691047668457e-01
1.553340244293212891e+01 -2.717262506484985352e+00 -1.723157525062561035e+00 -3.333605289459228516e+00 -3.081128835678100586e+00 -3.052362203598022461e+00
2.207456970214843750e+01 -3.978421926498413086e+00 -2.358233690261840820e+00 -5.049045085906982422e+00 -4.710758686065673828e+00 -4.669017314910888672e+00
1.583020782470703125e+01 -2.836962938308715820e+00 -1.732177138328552246e+00 -3.356935501098632812e+00 -3.115487813949584961e+00 -3.133902549743652344e+00
3.580692529678344727e+00 -6.847117543220520020e-01 -4.434382021427154541e-01 -6.584304571151733398e-01 -5.942538976669311523e-01 -5.750257372856140137e-01
2.983905029296875000e+01 -5.179440498352050781e+00 -3.319353580474853516e+00 -6.534620761871337891e+00 -6.101558685302734375e+00 -6.068052291870117188e+00
2.870948791503906250e+01 -5.080041885375976562e+00 -3.200773000717163086e+00 -6.316178798675537109e+00 -5.878285884857177734e+00 -5.851652622222900391e+00
8.010044097900390625e+00 -1.445701837539672852e+00 -8.943361639976501465e-01 -1.650450348854064941e+00 -1.515337347984313965e+00 -1.513041496276855469e+00
2.512259674072265625e+01 -4.501760005950927734e+00 -2.747687101364135742e+00 -5.845052242279052734e+00 -5.402532577514648438e+00 -5.345060825347900391e+00
4.246716022491455078e+00 -8.031806945800781250e-01 -5.150832533836364746e-01 -8.016149401664733887e-01 -7.331171631813049316e-01 -7.166299819946289062e-01
3.493091344833374023e+00 -6.687531471252441406e-01 -4.339274466037750244e-01 -6.380216479301452637e-01 -5.758699178695678711e-01 -5.563300848007202148e-01
1.065074825286865234e+01 -1.932783961296081543e+00 -1.190413355827331543e+00 -2.235216140747070312e+00 -2.081751585006713867e+00 -2.075101613998413086e+00
8.786770629882812500e+01 -1.507739257812500000e+01 -9.795155525207519531e+00 -1.955486297607421875e+01 -1.849676704406738281e+01 -1.841795158386230469e+01
2.019295120239257812e+01 -3.544785261154174805e+00 -2.229162931442260742e+00 -4.393589019775390625e+00 -4.060923576354980469e+00 -4.040851116180419922e+00
-1.188661479949951172e+01 -1.614108848571777344e+01 -1.169635963439941406e+01 -2.525828742980957031e+01 -2.843714332580566406e+01 -3.457168197631835938e+01
4.234889984130859375e+01 -1.082328891754150391e+01 -3.785915136337280273e+00 -1.345059680938720703e+01 -1.255065822601318359e+01 -1.297436523437500000e+01
6.128232192993164062e+01 -1.135645484924316406e+01 -7.197170257568359375e+00 -1.407941913604736328e+01 -1.291252326965332031e+01 -1.309482765197753906e+01
1.159240722656250000e+01 -2.084937334060668945e+00 -1.211051344871520996e+00 -2.505659103393554688e+00 -2.215498685836791992e+00 -2.219873428344726562e+00
6.299137878417968750e+01 -1.154862022399902344e+01 -7.172790527343750000e+00 -1.531673622131347656e+01 -1.501950359344482422e+01 -1.485081768035888672e+01
1.638138580322265625e+01 -3.302474737167358398e+00 -2.098538160324096680e+00 -3.779203891754150391e+00 -3.486070632934570312e+00 -3.573019027709960938e+00
5.673926544189453125e+01 -9.585747718811035156e+00 -6.428799629211425781e+00 -1.219345664978027344e+01 -1.181461715698242188e+01 -1.173451709747314453e+01
7.758736419677734375e+01 -1.565299892425537109e+01 -9.920588493347167969e+00 -1.809926795959472656e+01 -1.725744056701660156e+01 -1.781311798095703125e+01
2.693972778320312500e+01 -1.513279151916503906e+01 -1.437768077850341797e+01 -2.117212486267089844e+01 -1.760585594177246094e+01 -2.081609725952148438e+01
3.811025619506835938e+01 -1.621661567687988281e+01 -1.586898326873779297e+01 -2.317871284484863281e+01 -1.890962028503417969e+01 -2.162579536437988281e+01
5.516328811645507812e+01 -1.323482036590576172e+01 -6.559336185455322266e+00 -1.519639301300048828e+01 -1.934482574462890625e+01 -1.920423316955566406e+01
7.340020751953125000e+01 -1.459733867645263672e+01 -9.078352928161621094e+00 -1.780813407897949219e+01 -1.649745750427246094e+01 -1.696222305297851562e+01
1.360598659515380859e+01 -2.477149963378906250e+00 -1.499920845031738281e+00 -2.933451175689697266e+00 -2.675189971923828125e+00 -2.681851863861083984e+00
1.980481338500976562e+01 -3.450953245162963867e+00 -2.121451139450073242e+00 -4.379361629486083984e+00 -3.942259311676025391e+00 -3.902299165725708008e+00
3.603810882568359375e+01 -6.317009925842285156e+00 -4.026643276214599609e+00 -8.195246696472167969e+00 -7.535588741302490234e+00 -7.492671489715576172e+00
7.267761993408203125e+01 -1.342094612121582031e+01 -8.019282341003417969e+00 -1.609557723999023438e+01 -1.513952636718750000e+01 -1.529601573944091797e+01
4.420167541503906250e+01 -8.967441558837890625e+00 -5.448091030120849609e+00 -1.137353897094726562e+01 -9.604404449462890625e+00 -1.012335205078125000e+01
1.584660434722900391e+01 -2.820473194122314453e+00 -1.816065430641174316e+00 -3.369860410690307617e+00 -3.186368227005004883e+00 -3.185477972030639648e+00
4.063179969787597656e+00 -7.722511291503906250e-01 -5.031423568725585938e-01 -7.674030065536499023e-01 -7.112396359443664551e-01 -6.965498924255371094e-01
2.322159194946289062e+01 -1.760221862792968750e+01 -1.756570243835449219e+01 -2.619478225708007812e+01 -2.126141166687011719e+01 -2.536298751831054688e+01
7.648769855499267578e+00 -1.296447873115539551e+00 -7.347171306610107422e-01 -1.527702450752258301e+00 -1.072897195816040039e+00 -9.858236312866210938e-01
6.501881408691406250e+01 -1.402202129364013672e+01 -8.482094764709472656e+00 -1.660895347595214844e+01 -1.586436939239501953e+01 -1.656860160827636719e+01
4.656364059448242188e+01 -8.136000633239746094e+00 -5.511893749237060547e+00 -1.045624923706054688e+01 -1.037140560150146484e+01 -1.028849506378173828e+01
4.387947845458984375e+01 -7.757660865783691406e+00 -4.753373622894287109e+00 -1.031269359588623047e+01 -9.468874931335449219e+00 -9.377306938171386719e+00
7.014916229248046875e+01 -1.293882179260253906e+01 -4.863085269927978516e+00 -1.721792411804199219e+01 -1.295583248138427734e+01 -1.316804409027099609e+01
5.250151824951171875e+01 -1.332756710052490234e+01 -3.657762289047241211e+00 -1.565202236175537109e+01 -1.695299148559570312e+01 -1.695988464355468750e+01
6.794957733154296875e+01 -1.352417755126953125e+01 -7.776356697082519531e+00 -1.708391380310058594e+01 -1.893071556091308594e+01 -1.857469367980957031e+01
1.895325469970703125e+01 -3.320710420608520508e+00 -1.968328356742858887e+00 -4.126606941223144531e+00 -3.723881244659423828e+00 -3.705505132675170898e+00
5.535164642333984375e+01 -1.428761196136474609e+01 -8.785136222839355469e+00 -1.886517333984375000e+01 -1.942525863647460938e+01 -2.027300453186035156e+01
3.493091344833374023e+00 -6.687531471252441406e-01 -4.339274466037750244e-01 -6.380216479301452637e-01 -5.758699178695678711e-01 -5.563300848007202148e-01
1.119991493225097656e+01 -2.041249513626098633e+00 -1.232631087303161621e+00 -2.341715335845947266e+00 -2.166907310485839844e+00 -2.176744461059570312e+00
3.493091344833374023e+00 -6.687531471252441406e-01 -4.339274466037750244e-01 -6.380216479301452637e-01 -5.758699178695678711e-01 -5.563300848007202148e-01
4.898822402954101562e+01 -8.524702072143554688e+00 -5.461600303649902344e+00 -1.098446655273437500e+01 -1.030618858337402344e+01 -1.025034618377685547e+01
4.526937866210937500e+01 -8.559700965881347656e+00 -5.158771038055419922e+00 -1.014588451385498047e+01 -9.444413185119628906e+00 -9.589495658874511719e+00
2.086285781860351562e+01 -3.709105253219604492e+00 -2.108201980590820312e+00 -4.912372589111328125e+00 -4.165039539337158203e+00 -4.117733955383300781e+00
5.109791183471679688e+01 -9.235261917114257812e+00 -5.302068233489990234e+00 -1.190730953216552734e+01 -1.034228897094726562e+01 -1.048783397674560547e+01
3.787818908691406250e+01 -6.745783329010009766e+00 -4.267645359039306641e+00 -8.669185638427734375e+00 -8.086695671081542969e+00 -8.065220832824707031e+00
3.785970449447631836e+00 -7.202925682067871094e-01 -4.644346237182617188e-01 -7.020058631896972656e-01 -6.356450319290161133e-01 -6.171471476554870605e-01
4.332287597656250000e+01 -8.069056510925292969e+00 -4.806847095489501953e+00 -9.592999458312988281e+00 -9.035864830017089844e+00 -9.126240730285644531e+00
3.767114639282226562e+00 -7.172244191169738770e-01 -4.623744487762451172e-01 -6.983038187026977539e-01 -6.318293809890747070e-01 -6.133379936218261719e-01
2.174131774902343750e+01 -3.983488798141479492e+00 -2.314005374908447266e+00 -5.041882514953613281e+00 -4.302333354949951172e+00 -4.350200176239013672e+00
3.054378509521484375e+01 -5.313270092010498047e+00 -3.341564893722534180e+00 -6.649674415588378906e+00 -6.183412075042724609e+00 -6.167378902435302734e+00
5.155498981475830078e+00 -9.445219039916992188e-01 -5.656167864799499512e-01 -1.019558787345886230e+00 -8.434267044067382812e-01 -8.259325027465820312e-01
