163 1493 561 144 1303 1422 98 12 689 254 583 35 200 141 88 125
0 0 0 0 0 0 0 0 0 0 0 0 0 0 0 0
0 0 1 0 0 0 0 0 0 0 0 0 3 0 0 0
0 8 11 1 20 4 0 0 3 1 6 0 0 0 0 1
0 1 3 0 4 0 0 0 0 0 1 0 0 0 0 1
4 79 47 7 38 30 19 0 45 8 22 1 24 1 2 8
2 30 5 1 13 3 0 0 15 4 9 0 3 3 1 1
33 453 143 60 193 128 19 3 138 58 148 4 31 26 11 43
0 13 17 1 29 6 0 0 5 2 9 0 1 0 0 2
0 6 3 1 2 0 1 0 2 0 1 0 1 0 0 0
0 4 7 0 11 2 0 0 1 0 3 0 0 0 0 1
0 13 18 1 30 6 0 0 5 2 9 0 1 0 0 2
0 6 3 1 2 0 1 0 2 0 1 0 1 0 0 0
0 15 10 2 7 5 5 0 8 1 4 0 5 0 0 1
0 7 2 0 6 1 1 0 4 3 3 0 1 0 0 0
0 11 10 3 26 3 1 0 4 3 6 0 1 0 0 2
0 6 10 1 10 1 0 0 0 0 2 0 0 1 0 3
10 107 75 14 101 70 7 0 59 22 55 1 24 5 5 20
